    -3.670    -0.024
    -3.655    -0.011
    -3.640    -0.006
    -3.625    -0.002
    -3.610     0.007
    -3.596     0.014
    -3.581     0.013
    -3.566     0.007
    -3.551     0.011
    -3.537    -0.011
    -3.522     0.001
    -3.507    -0.009
    -3.492     0.002
    -3.477    -0.004
    -3.463    -0.007
    -3.448     0.000
    -3.433     0.016
    -3.418     0.014
    -3.403     0.008
    -3.389     0.003
    -3.374    -0.014
    -3.359    -0.011
    -3.344    -0.003
    -3.330     0.015
    -3.315    -0.002
    -3.300    -0.002
    -3.285     0.009
    -3.270    -0.001
    -3.256    -0.020
    -3.241    -0.011
    -3.226    -0.002
    -3.211     0.013
    -3.196     0.007
    -3.182    -0.004
    -3.167    -0.001
    -3.152     0.002
    -3.137    -0.019
    -3.123     0.004
    -3.108    -0.004
    -3.093     0.006
    -3.078     0.009
    -3.063     0.000
    -3.049    -0.011
    -3.034     0.008
    -3.019    -0.002
    -3.004     0.015
    -2.990     0.019
    -2.975     0.015
    -2.960     0.021
    -2.945     0.006
    -2.930     0.013
    -2.916     0.002
    -2.901    -0.006
    -2.886    -0.002
    -2.871     0.005
    -2.856    -0.004
    -2.842    -0.004
    -2.827     0.020
    -2.812     0.019
    -2.797    -0.003
    -2.783     0.008
    -2.768    -0.003
    -2.753    -0.003
    -2.738    -0.005
    -2.723    -0.013
    -2.709    -0.010
    -2.694    -0.004
    -2.679    -0.010
    -2.664     0.002
    -2.649     0.006
    -2.635    -0.004
    -2.620    -0.022
    -2.605    -0.017
    -2.590    -0.006
    -2.576    -0.007
    -2.561    -0.012
    -2.546     0.017
    -2.531    -0.004
    -2.516     0.003
    -2.502     0.008
    -2.487    -0.006
    -2.472    -0.003
    -2.457     0.005
    -2.442    -0.019
    -2.428    -0.013
    -2.413     0.010
    -2.398     0.009
    -2.383    -0.010
    -2.369    -0.004
    -2.354     0.000
    -2.339     0.001
    -2.324     0.011
    -2.309    -0.008
    -2.295     0.001
    -2.280    -0.016
    -2.265    -0.011
    -2.250    -0.006
    -2.235     0.008
    -2.221    -0.012
    -2.206    -0.016
    -2.191     0.003
    -2.176    -0.005
    -2.162     0.005
    -2.147    -0.004
    -2.132     0.004
    -2.117    -0.004
    -2.102    -0.003
    -2.088    -0.017
    -2.073    -0.013
    -2.058    -0.005
    -2.043     0.004
    -2.028     0.009
    -2.014    -0.012
    -1.999    -0.013
    -1.984    -0.020
    -1.969    -0.017
    -1.955    -0.015
    -1.940     0.001
    -1.925     0.004
    -1.910    -0.007
    -1.895    -0.013
    -1.881    -0.007
    -1.866    -0.024
    -1.851    -0.019
    -1.836    -0.010
    -1.821    -0.006
    -1.807    -0.010
    -1.792    -0.023
    -1.777    -0.016
    -1.762    -0.010
    -1.748    -0.009
    -1.733    -0.016
    -1.718     0.000
    -1.703    -0.016
    -1.688    -0.035
    -1.674    -0.024
    -1.659    -0.008
    -1.644     0.003
    -1.629    -0.009
    -1.615    -0.012
    -1.600    -0.021
    -1.585    -0.030
    -1.570    -0.038
    -1.555    -0.026
    -1.541    -0.029
    -1.526    -0.028
    -1.511    -0.024
    -1.496    -0.027
    -1.481    -0.026
    -1.467    -0.033
    -1.452    -0.033
    -1.437    -0.026
    -1.422    -0.003
    -1.408    -0.011
    -1.393    -0.023
    -1.378    -0.016
    -1.363    -0.029
    -1.348    -0.018
    -1.334    -0.021
    -1.319    -0.015
    -1.304    -0.035
    -1.289    -0.039
    -1.274    -0.050
    -1.260    -0.040
    -1.245    -0.040
    -1.230    -0.033
    -1.215    -0.046
    -1.201    -0.060
    -1.186    -0.075
    -1.171    -0.074
    -1.156    -0.057
    -1.141    -0.044
    -1.127    -0.052
    -1.112    -0.068
    -1.097    -0.090
    -1.082    -0.078
    -1.067    -0.072
    -1.053    -0.075
    -1.038    -0.096
    -1.023    -0.103
    -1.008    -0.107
    -0.994    -0.114
    -0.979    -0.141
    -0.964    -0.172
    -0.949    -0.155
    -0.934    -0.189
    -0.920    -0.217
    -0.905    -0.220
    -0.890    -0.235
    -0.875    -0.275
    -0.860    -0.310
    -0.846    -0.346
    -0.831    -0.380
    -0.816    -0.446
    -0.801    -0.518
    -0.787    -0.565
    -0.772    -0.633
    -0.757    -0.688
    -0.742    -0.758
    -0.727    -0.823
    -0.713    -0.891
    -0.698    -0.928
    -0.683    -0.974
    -0.668    -0.974
    -0.653    -0.972
    -0.639    -0.966
    -0.624    -0.929
    -0.609    -0.875
    -0.594    -0.815
    -0.580    -0.744
    -0.565    -0.682
    -0.550    -0.620
    -0.535    -0.581
    -0.520    -0.518
    -0.506    -0.479
    -0.491    -0.442
    -0.476    -0.419
    -0.461    -0.365
    -0.446    -0.331
    -0.432    -0.306
    -0.417    -0.286
    -0.402    -0.266
    -0.387    -0.237
    -0.373    -0.212
    -0.358    -0.193
    -0.343    -0.175
    -0.328    -0.174
    -0.313    -0.170
    -0.299    -0.144
    -0.284    -0.130
    -0.269    -0.132
    -0.254    -0.129
    -0.240    -0.116
    -0.225    -0.098
    -0.210    -0.092
    -0.195    -0.106
    -0.180    -0.104
    -0.166    -0.091
    -0.151    -0.095
    -0.136    -0.091
    -0.121    -0.100
    -0.106    -0.099
    -0.092    -0.097
    -0.077    -0.068
    -0.062    -0.079
    -0.047    -0.070
    -0.033    -0.078
    -0.018    -0.088
    -0.003    -0.063
     0.012    -0.066
     0.027    -0.076
     0.041    -0.068
     0.056    -0.064
     0.071    -0.063
     0.086    -0.077
     0.101    -0.063
     0.115    -0.065
     0.130    -0.066
     0.145    -0.068
     0.160    -0.063
     0.174    -0.065
     0.189    -0.079
     0.204    -0.077
     0.219    -0.072
     0.234    -0.068
     0.248    -0.066
     0.263    -0.058
     0.278    -0.067
     0.293    -0.071
     0.308    -0.055
     0.322    -0.060
     0.337    -0.060
     0.352    -0.055
     0.367    -0.056
     0.381    -0.055
     0.396    -0.060
     0.411    -0.063
     0.426    -0.055
     0.441    -0.055
     0.455    -0.058
     0.470    -0.072
     0.485    -0.053
     0.500    -0.041
     0.515    -0.045
     0.529    -0.051
     0.544    -0.044
     0.559    -0.055
     0.574    -0.050
     0.588    -0.062
     0.603    -0.054
     0.618    -0.054
     0.633    -0.046
     0.648    -0.036
     0.662    -0.058
     0.677    -0.058
     0.692    -0.076
     0.707    -0.083
     0.722    -0.068
     0.736    -0.067
     0.751    -0.055
     0.766    -0.056
     0.781    -0.051
     0.795    -0.063
     0.810    -0.082
     0.825    -0.081
     0.840    -0.084
     0.855    -0.103
     0.869    -0.085
     0.884    -0.076
     0.899    -0.084
     0.914    -0.092
     0.929    -0.078
     0.943    -0.091
     0.958    -0.100
     0.973    -0.112
     0.988    -0.122
     1.002    -0.129
     1.017    -0.146
     1.032    -0.156
     1.047    -0.175
     1.062    -0.200
     1.076    -0.210
     1.091    -0.240
     1.106    -0.267
     1.121    -0.280
     1.135    -0.318
     1.150    -0.319
     1.165    -0.340
     1.180    -0.364
     1.195    -0.387
     1.209    -0.409
     1.224    -0.448
     1.239    -0.493
     1.254    -0.564
     1.269    -0.620
     1.283    -0.673
     1.298    -0.757
     1.313    -0.805
     1.328    -0.852
     1.342    -0.917
     1.357    -0.963
     1.372    -0.964
     1.387    -0.983
     1.402    -0.962
     1.416    -0.919
     1.431    -0.868
     1.446    -0.800
     1.461    -0.737
     1.476    -0.669
     1.490    -0.578
     1.505    -0.518
     1.520    -0.469
     1.535    -0.397
     1.549    -0.367
     1.564    -0.317
     1.579    -0.287
     1.594    -0.263
     1.609    -0.223
     1.623    -0.204
     1.638    -0.171
     1.653    -0.152
     1.668    -0.144
     1.683    -0.131
     1.697    -0.113
     1.712    -0.120
     1.727    -0.096
     1.742    -0.087
     1.756    -0.076
     1.771    -0.071
     1.786    -0.061
     1.801    -0.058
     1.816    -0.065
     1.830    -0.074
     1.845    -0.054
     1.860    -0.048
     1.875    -0.068
     1.890    -0.061
     1.904    -0.069
     1.919    -0.041
     1.934    -0.024
     1.949    -0.041
     1.963    -0.038
     1.978    -0.036
     1.993    -0.044
     2.008    -0.042
     2.023    -0.029
     2.037    -0.049
     2.052    -0.029
     2.067    -0.039
     2.082    -0.032
     2.097    -0.015
     2.111    -0.029
     2.126    -0.035
     2.141    -0.029
     2.156    -0.031
     2.170    -0.017
     2.185    -0.023
     2.200    -0.014
     2.215    -0.028
     2.230    -0.021
     2.244    -0.017
     2.259    -0.027
     2.274    -0.017
     2.289    -0.001
     2.304    -0.001
     2.318    -0.014
     2.333     0.001
     2.348    -0.003
     2.363    -0.015
     2.377    -0.018
     2.392    -0.013
     2.407    -0.011
     2.422    -0.031
     2.437    -0.020
     2.451    -0.028
     2.466    -0.018
     2.481    -0.019
     2.496    -0.005
     2.510    -0.033
     2.525    -0.021
     2.540    -0.008
     2.555    -0.010
     2.570     0.006
     2.584    -0.010
     2.599    -0.004
     2.614    -0.019
     2.629    -0.018
     2.644    -0.027
     2.658    -0.025
     2.673    -0.012
     2.688    -0.008
     2.703    -0.002
     2.717    -0.015
     2.732    -0.006
     2.747    -0.003
     2.762     0.009
     2.777     0.019
     2.791     0.016
     2.806     0.000
     2.821    -0.010
     2.836    -0.025
     2.851    -0.019
     2.865    -0.011
     2.880    -0.004
     2.895     0.000
     2.910     0.003
     2.924     0.001
     2.939     0.011
     2.954     0.003
     2.969    -0.014
     2.984    -0.014
     2.998    -0.011
     3.013    -0.003
     3.028    -0.020
     3.043    -0.015
     3.058    -0.002
     3.072    -0.002
     3.087    -0.007
     3.102     0.002
     3.117     0.011
     3.131     0.004
     3.146    -0.008
     3.161    -0.010
     3.176    -0.008
     3.191     0.002
     3.205     0.009
     3.220     0.011
     3.235     0.002
     3.250    -0.010
     3.265    -0.017
     3.279    -0.014
     3.294     0.000
     3.309     0.008
     3.324    -0.006
     3.338    -0.002
     3.353    -0.008
     3.368     0.000
     3.383     0.008
     3.398     0.005
     3.412     0.008
     3.427     0.004
     3.442     0.000
     3.457     0.009
     3.472     0.006
     3.486    -0.005
     3.501     0.010
     3.516     0.010
     3.531    -0.010
     3.545    -0.009
     3.560     0.008
     3.575     0.006
     3.590     0.003
     3.605     0.011
     3.619     0.011
     3.634    -0.003
     3.649    -0.008
     3.664     0.006
     3.679     0.016
     3.693     0.018
     3.708     0.010
     3.723     0.016
     3.738     0.011
     3.752     0.002
     3.767     0.002
     3.782    -0.002
     3.797     0.000
     3.812     0.003
     3.826    -0.005
     3.841    -0.015
     3.856    -0.001
     3.871     0.009
     3.885     0.008
