   -11.598    -0.018
   -11.553     0.078
   -11.507     0.167
   -11.461     0.241
   -11.415     0.225
   -11.369     0.084
   -11.323     0.013
   -11.277    -0.100
   -11.232    -0.101
   -11.186     0.095
   -11.140     0.216
   -11.094     0.119
   -11.048    -0.028
   -11.002     0.074
   -10.956     0.257
   -10.911     0.240
   -10.865     0.123
   -10.819     0.025
   -10.773    -0.074
   -10.727     0.029
   -10.681     0.011
   -10.635    -0.162
   -10.590     0.075
   -10.544     0.178
   -10.498     0.070
   -10.452     0.088
   -10.406     0.069
   -10.360     0.101
   -10.314     0.139
   -10.269     0.123
   -10.223    -0.032
   -10.177    -0.189
   -10.131    -0.200
   -10.085    -0.013
   -10.039     0.150
    -9.993     0.050
    -9.948     0.004
    -9.902     0.006
    -9.856     0.010
    -9.810     0.052
    -9.764    -0.075
    -9.718    -0.117
    -9.672     0.017
    -9.627    -0.066
    -9.581    -0.066
    -9.535    -0.080
    -9.489    -0.135
    -9.443    -0.136
    -9.397    -0.159
    -9.351    -0.046
    -9.306    -0.006
    -9.260    -0.035
    -9.214    -0.167
    -9.168    -0.309
    -9.122    -0.308
    -9.076    -0.295
    -9.030    -0.351
    -8.985    -0.457
    -8.939    -0.532
    -8.893    -0.611
    -8.847    -0.869
    -8.801    -1.225
    -8.755    -1.543
    -8.709    -1.821
    -8.664    -2.135
    -8.618    -2.559
    -8.572    -2.893
    -8.526    -3.138
    -8.480    -3.375
    -8.434    -3.522
    -8.388    -3.488
    -8.343    -3.086
    -8.297    -2.665
    -8.251    -2.490
    -8.205    -2.456
    -8.159    -2.711
    -8.113    -3.164
    -8.067    -3.557
    -8.022    -3.846
    -7.976    -3.854
    -7.930    -3.351
    -7.884    -2.740
    -7.838    -2.211
    -7.792    -1.747
    -7.746    -1.435
    -7.701    -1.178
    -7.655    -0.952
    -7.609    -0.762
    -7.563    -0.669
    -7.517    -0.565
    -7.471    -0.471
    -7.425    -0.400
    -7.380    -0.397
    -7.334    -0.299
    -7.288    -0.246
    -7.242    -0.323
    -7.196    -0.295
    -7.150    -0.272
    -7.104    -0.235
    -7.059    -0.232
    -7.013    -0.208
    -6.967    -0.190
    -6.921    -0.166
    -6.875    -0.087
    -6.829    -0.017
    -6.783     0.003
    -6.738     0.089
    -6.692     0.054
    -6.646    -0.087
    -6.600    -0.124
    -6.554    -0.171
    -6.508    -0.111
    -6.462     0.026
    -6.417     0.025
    -6.371    -0.079
    -6.325    -0.158
    -6.279    -0.102
    -6.233     0.066
    -6.187     0.080
    -6.141    -0.051
    -6.096    -0.031
    -6.050     0.045
    -6.004    -0.004
    -5.958    -0.060
    -5.912    -0.109
    -5.866    -0.130
    -5.820    -0.122
    -5.775    -0.155
    -5.729    -0.111
    -5.683    -0.007
    -5.637     0.018
    -5.591    -0.059
    -5.545    -0.095
    -5.499    -0.070
    -5.454    -0.169
    -5.408    -0.223
    -5.362    -0.234
    -5.316    -0.403
    -5.270    -0.622
    -5.224    -0.670
    -5.178    -0.672
    -5.133    -0.854
    -5.087    -1.144
    -5.041    -1.676
    -4.995    -2.347
    -4.949    -2.943
    -4.903    -3.579
    -4.857    -4.104
    -4.812    -4.372
    -4.766    -4.340
    -4.720    -3.988
    -4.674    -3.590
    -4.628    -3.085
    -4.582    -2.344
    -4.536    -1.646
    -4.491    -1.322
    -4.445    -1.210
    -4.399    -0.916
    -4.353    -0.623
    -4.307    -0.587
    -4.261    -0.594
    -4.215    -0.373
    -4.170    -0.181
    -4.124    -0.198
    -4.078    -0.190
    -4.032    -0.139
    -3.986    -0.189
    -3.940    -0.401
    -3.894    -0.503
    -3.849    -0.414
    -3.803    -0.223
    -3.757     0.034
    -3.711    -0.038
    -3.665    -0.212
    -3.619    -0.183
    -3.573    -0.037
    -3.528     0.062
    -3.482     0.060
    -3.436     0.122
    -3.390     0.077
    -3.344    -0.002
    -3.298    -0.068
    -3.253    -0.162
    -3.207    -0.136
    -3.161    -0.112
    -3.115     0.054
    -3.069     0.180
    -3.023     0.050
    -2.977    -0.054
    -2.932    -0.013
    -2.886     0.092
    -2.840     0.011
    -2.794    -0.205
    -2.748    -0.072
    -2.702     0.139
    -2.656     0.138
    -2.611     0.161
    -2.565     0.097
    -2.519    -0.093
    -2.473    -0.124
    -2.427     0.007
    -2.381    -0.077
    -2.335    -0.133
    -2.290     0.119
    -2.244     0.215
    -2.198     0.125
    -2.152     0.058
    -2.106    -0.049
    -2.060    -0.041
    -2.014     0.051
    -1.969     0.070
    -1.923    -0.030
    -1.877    -0.220
    -1.831    -0.156
    -1.785    -0.091
    -1.739    -0.038
    -1.693    -0.040
    -1.648    -0.267
    -1.602    -0.241
    -1.556    -0.206
    -1.510    -0.103
    -1.464    -0.155
    -1.418    -0.417
    -1.372    -0.589
    -1.327    -0.919
    -1.281    -1.169
    -1.235    -1.425
    -1.189    -1.801
    -1.143    -2.042
    -1.097    -2.196
    -1.051    -2.263
    -1.006    -2.203
    -0.960    -1.819
    -0.914    -1.406
    -0.868    -1.208
    -0.822    -0.881
    -0.776    -0.529
    -0.730    -0.438
    -0.685    -0.337
    -0.639    -0.055
    -0.593     0.056
    -0.547    -0.151
    -0.501    -0.167
    -0.455    -0.041
    -0.409    -0.083
    -0.364    -0.130
    -0.318    -0.342
    -0.272    -0.338
    -0.226    -0.214
    -0.180    -0.200
    -0.134    -0.163
    -0.088    -0.225
    -0.043    -0.175
     0.003    -0.132
     0.049    -0.153
     0.095    -0.145
     0.141    -0.136
     0.187     0.008
     0.233    -0.018
     0.278    -0.150
     0.324    -0.038
     0.370     0.044
     0.416     0.029
     0.462    -0.059
     0.508    -0.103
     0.554     0.002
     0.599     0.013
     0.645    -0.033
     0.691    -0.162
     0.737    -0.142
     0.783     0.124
     0.829     0.025
     0.875    -0.119
     0.920    -0.120
     0.966    -0.209
     1.012    -0.048
     1.058    -0.066
     1.104    -0.293
     1.150    -0.319
     1.196    -0.305
     1.241    -0.517
     1.287    -0.836
     1.333    -1.194
     1.379    -1.550
     1.425    -1.747
     1.471    -1.983
     1.517    -2.347
     1.562    -2.384
     1.608    -2.074
     1.654    -1.669
     1.700    -1.457
     1.746    -1.272
     1.792    -0.793
     1.838    -0.530
     1.883    -0.465
     1.929    -0.313
     1.975    -0.148
     2.021    -0.213
     2.067    -0.302
     2.113    -0.204
     2.159    -0.200
     2.204    -0.157
     2.250     0.012
     2.296     0.136
     2.342     0.097
     2.388     0.077
     2.434     0.031
     2.480    -0.069
     2.525    -0.167
     2.571    -0.137
     2.617     0.077
     2.663     0.127
     2.709     0.058
     2.755     0.054
     2.801     0.061
     2.846     0.026
     2.892     0.044
     2.938     0.053
     2.984    -0.058
     3.030    -0.132
     3.076    -0.011
     3.122     0.032
     3.167     0.145
     3.213     0.281
     3.259     0.175
     3.305     0.132
     3.351    -0.013
     3.397    -0.046
     3.443     0.106
     3.488     0.144
     3.534     0.117
     3.580    -0.004
     3.626     0.039
     3.672     0.103
     3.718     0.014
     3.764    -0.145
     3.809    -0.239
     3.855    -0.218
     3.901    -0.136
     3.947    -0.112
     3.993    -0.149
     4.039    -0.190
     4.085    -0.157
     4.130    -0.047
     4.176    -0.019
     4.222    -0.062
     4.268    -0.056
     4.314    -0.070
     4.360    -0.012
     4.406     0.176
     4.451     0.059
     4.497    -0.214
     4.543    -0.243
     4.589    -0.162
     4.635    -0.187
     4.681    -0.334
     4.727    -0.525
     4.772    -0.655
     4.818    -0.702
     4.864    -0.861
     4.910    -1.086
     4.956    -1.246
     5.002    -1.590
     5.048    -2.390
     5.093    -3.224
     5.139    -3.787
     5.185    -4.200
     5.231    -4.337
     5.277    -4.296
     5.323    -4.240
     5.369    -4.003
     5.414    -3.335
     5.460    -2.443
     5.506    -1.681
     5.552    -1.151
     5.598    -0.927
     5.644    -0.874
     5.690    -0.607
     5.735    -0.385
     5.781    -0.417
     5.827    -0.309
     5.873    -0.120
     5.919    -0.143
     5.965    -0.230
     6.011    -0.150
     6.056    -0.045
     6.102    -0.005
     6.148    -0.050
     6.194    -0.239
     6.240    -0.273
     6.286    -0.168
     6.332    -0.256
     6.377    -0.214
     6.423     0.010
     6.469    -0.042
     6.515    -0.201
     6.561    -0.114
     6.607    -0.007
     6.653    -0.038
     6.698    -0.018
     6.744    -0.003
     6.790    -0.009
     6.836    -0.005
     6.882     0.047
     6.928     0.118
     6.974     0.111
     7.019     0.100
     7.065     0.024
     7.111    -0.033
     7.157     0.020
     7.203    -0.015
     7.249    -0.047
     7.295     0.046
     7.340    -0.002
     7.386    -0.102
     7.432    -0.092
     7.478    -0.028
     7.524     0.059
     7.570     0.128
     7.616     0.165
     7.661     0.001
     7.707    -0.109
     7.753    -0.052
     7.799    -0.047
     7.845    -0.104
     7.891    -0.105
     7.937    -0.062
     7.982    -0.187
     8.028    -0.247
     8.074    -0.171
     8.120    -0.208
     8.166    -0.300
     8.212    -0.385
     8.258    -0.189
     8.303    -0.100
     8.349    -0.084
     8.395    -0.004
     8.441    -0.005
     8.487     0.065
     8.533    -0.124
     8.579    -0.296
     8.624    -0.298
     8.670    -0.387
     8.716    -0.482
     8.762    -0.694
     8.808    -0.912
     8.854    -1.025
     8.900    -1.296
     8.945    -1.791
     8.991    -2.312
     9.037    -2.922
     9.083    -3.457
     9.129    -3.542
     9.175    -3.344
     9.221    -2.860
     9.266    -2.175
     9.312    -1.616
     9.358    -1.327
     9.404    -1.161
     9.450    -1.057
     9.496    -1.029
     9.542    -1.037
     9.587    -0.971
     9.633    -1.032
     9.679    -1.227
     9.725    -1.331
     9.771    -1.400
     9.817    -1.802
     9.863    -2.397
     9.908    -2.716
     9.954    -2.881
    10.000    -3.039
    10.046    -3.080
    10.092    -3.052
    10.138    -2.959
    10.184    -2.762
    10.229    -2.260
    10.275    -1.720
    10.321    -1.384
    10.367    -0.994
    10.413    -0.634
    10.459    -0.441
    10.505    -0.347
    10.550    -0.208
    10.596    -0.143
    10.642    -0.093
    10.688     0.030
    10.734    -0.114
    10.780    -0.321
    10.826    -0.370
    10.871    -0.257
    10.917     0.011
    10.963     0.082
    11.009     0.105
    11.055     0.139
    11.101     0.099
    11.147     0.097
    11.192     0.079
    11.238    -0.011
    11.284    -0.108
    11.330    -0.071
    11.376    -0.032
    11.422    -0.165
    11.468    -0.078
    11.513     0.033
    11.559    -0.199
    11.605    -0.157
    11.651     0.035
    11.697    -0.068
    11.743    -0.030
    11.789     0.026
    11.834    -0.080
