   -12.186    -0.078
   -12.138    -0.034
   -12.090    -0.009
   -12.042    -0.036
   -11.994    -0.081
   -11.946    -0.028
   -11.897    -0.014
   -11.849    -0.101
   -11.801    -0.083
   -11.753    -0.055
   -11.705    -0.031
   -11.657    -0.033
   -11.609    -0.138
   -11.561    -0.128
   -11.513     0.010
   -11.465    -0.046
   -11.416    -0.203
   -11.368    -0.108
   -11.320    -0.099
   -11.272    -0.048
   -11.224    -0.109
   -11.176    -0.160
   -11.128    -0.082
   -11.080    -0.094
   -11.032    -0.071
   -10.983    -0.026
   -10.935    -0.087
   -10.887    -0.048
   -10.839    -0.092
   -10.791    -0.198
   -10.743    -0.148
   -10.695    -0.082
   -10.647    -0.145
   -10.599    -0.174
   -10.551    -0.173
   -10.502    -0.136
   -10.454    -0.106
   -10.406    -0.100
   -10.358    -0.151
   -10.310    -0.198
   -10.262    -0.122
   -10.214    -0.068
   -10.166    -0.045
   -10.118    -0.177
   -10.070    -0.221
   -10.021    -0.213
    -9.973    -0.197
    -9.925    -0.236
    -9.877    -0.226
    -9.829    -0.223
    -9.781    -0.253
    -9.733    -0.304
    -9.685    -0.311
    -9.637    -0.368
    -9.589    -0.447
    -9.540    -0.357
    -9.492    -0.312
    -9.444    -0.390
    -9.396    -0.512
    -9.348    -0.601
    -9.300    -0.653
    -9.252    -0.638
    -9.204    -0.638
    -9.156    -0.725
    -9.108    -0.848
    -9.059    -0.949
    -9.011    -1.035
    -8.963    -1.107
    -8.915    -1.296
    -8.867    -1.468
    -8.819    -1.640
    -8.771    -1.785
    -8.723    -2.024
    -8.675    -2.299
    -8.626    -2.557
    -8.578    -2.895
    -8.530    -3.220
    -8.482    -3.528
    -8.434    -3.852
    -8.386    -4.267
    -8.338    -4.600
    -8.290    -4.890
    -8.242    -5.277
    -8.194    -5.730
    -8.145    -5.975
    -8.097    -6.233
    -8.049    -6.374
    -8.001    -6.605
    -7.953    -6.887
    -7.905    -7.016
    -7.857    -7.171
    -7.809    -7.133
    -7.761    -7.060
    -7.713    -6.974
    -7.664    -6.810
    -7.616    -6.702
    -7.568    -6.549
    -7.520    -6.399
    -7.472    -6.115
    -7.424    -5.809
    -7.376    -5.572
    -7.328    -5.322
    -7.280    -5.038
    -7.232    -4.726
    -7.183    -4.448
    -7.135    -4.249
    -7.087    -4.032
    -7.039    -3.791
    -6.991    -3.596
    -6.943    -3.346
    -6.895    -3.241
    -6.847    -3.033
    -6.799    -2.793
    -6.751    -2.627
    -6.702    -2.466
    -6.654    -2.444
    -6.606    -2.329
    -6.558    -2.208
    -6.510    -1.997
    -6.462    -1.871
    -6.414    -1.877
    -6.366    -1.763
    -6.318    -1.611
    -6.269    -1.552
    -6.221    -1.557
    -6.173    -1.491
    -6.125    -1.465
    -6.077    -1.466
    -6.029    -1.404
    -5.981    -1.389
    -5.933    -1.342
    -5.885    -1.280
    -5.837    -1.280
    -5.788    -1.296
    -5.740    -1.249
    -5.692    -1.207
    -5.644    -1.257
    -5.596    -1.309
    -5.548    -1.299
    -5.500    -1.323
    -5.452    -1.351
    -5.404    -1.332
    -5.356    -1.419
    -5.307    -1.573
    -5.259    -1.692
    -5.211    -1.789
    -5.163    -1.868
    -5.115    -1.992
    -5.067    -2.151
    -5.019    -2.276
    -4.971    -2.421
    -4.923    -2.651
    -4.875    -2.924
    -4.826    -3.169
    -4.778    -3.392
    -4.730    -3.646
    -4.682    -3.834
    -4.634    -3.993
    -4.586    -4.240
    -4.538    -4.509
    -4.490    -4.645
    -4.442    -4.802
    -4.394    -4.927
    -4.345    -4.928
    -4.297    -4.891
    -4.249    -5.007
    -4.201    -5.016
    -4.153    -4.884
    -4.105    -4.812
    -4.057    -4.764
    -4.009    -4.618
    -3.961    -4.453
    -3.912    -4.245
    -3.864    -4.195
    -3.816    -4.112
    -3.768    -3.975
    -3.720    -3.812
    -3.672    -3.646
    -3.624    -3.517
    -3.576    -3.430
    -3.528    -3.377
    -3.480    -3.341
    -3.431    -3.136
    -3.383    -3.052
    -3.335    -2.990
    -3.287    -2.898
    -3.239    -2.799
    -3.191    -2.702
    -3.143    -2.572
    -3.095    -2.575
    -3.047    -2.466
    -2.999    -2.356
    -2.950    -2.232
    -2.902    -2.028
    -2.854    -1.939
    -2.806    -1.787
    -2.758    -1.683
    -2.710    -1.654
    -2.662    -1.499
    -2.614    -1.373
    -2.566    -1.280
    -2.518    -1.214
    -2.469    -1.145
    -2.421    -0.981
    -2.373    -0.993
    -2.325    -0.869
    -2.277    -0.887
    -2.229    -0.941
    -2.181    -0.763
    -2.133    -0.670
    -2.085    -0.655
    -2.037    -0.704
    -1.988    -0.634
    -1.940    -0.674
    -1.892    -0.775
    -1.844    -0.757
    -1.796    -0.741
    -1.748    -0.781
    -1.700    -0.807
    -1.652    -0.971
    -1.604    -1.049
    -1.555    -1.166
    -1.507    -1.122
    -1.459    -1.235
    -1.411    -1.399
    -1.363    -1.547
    -1.315    -1.715
    -1.267    -1.881
    -1.219    -1.993
    -1.171    -2.113
    -1.123    -2.269
    -1.074    -2.428
    -1.026    -2.515
    -0.978    -2.612
    -0.930    -2.732
    -0.882    -2.833
    -0.834    -2.939
    -0.786    -2.966
    -0.738    -2.918
    -0.690    -2.883
    -0.642    -2.876
    -0.593    -2.797
    -0.545    -2.745
    -0.497    -2.637
    -0.449    -2.586
    -0.401    -2.564
    -0.353    -2.445
    -0.305    -2.376
    -0.257    -2.296
    -0.209    -2.152
    -0.161    -2.053
    -0.112    -2.012
    -0.064    -1.909
    -0.016    -1.787
     0.032    -1.676
     0.080    -1.592
     0.128    -1.484
     0.176    -1.433
     0.224    -1.382
     0.272    -1.266
     0.320    -1.211
     0.369    -1.106
     0.417    -1.106
     0.465    -1.081
     0.513    -1.046
     0.561    -0.938
     0.609    -0.840
     0.657    -0.898
     0.705    -0.962
     0.753    -1.020
     0.802    -0.934
     0.850    -0.922
     0.898    -0.996
     0.946    -0.971
     0.994    -1.101
     1.042    -1.113
     1.090    -1.138
     1.138    -1.232
     1.186    -1.426
     1.234    -1.570
     1.283    -1.752
     1.331    -1.900
     1.379    -1.956
     1.427    -2.090
     1.475    -2.298
     1.523    -2.408
     1.571    -2.484
     1.619    -2.592
     1.667    -2.727
     1.715    -2.774
     1.764    -2.774
     1.812    -2.879
     1.860    -2.999
     1.908    -2.999
     1.956    -2.965
     2.004    -2.906
     2.052    -2.849
     2.100    -2.763
     2.148    -2.657
     2.196    -2.570
     2.245    -2.550
     2.293    -2.414
     2.341    -2.272
     2.389    -2.186
     2.437    -2.068
     2.485    -1.972
     2.533    -1.877
     2.581    -1.699
     2.629    -1.585
     2.677    -1.444
     2.726    -1.454
     2.774    -1.363
     2.822    -1.243
     2.870    -1.209
     2.918    -1.080
     2.966    -1.121
     3.014    -0.956
     3.062    -0.873
     3.110    -0.838
     3.159    -0.891
     3.207    -0.937
     3.255    -0.832
     3.303    -0.651
     3.351    -0.735
     3.399    -0.778
     3.447    -0.818
     3.495    -0.770
     3.543    -0.845
     3.591    -0.860
     3.640    -0.911
     3.688    -0.918
     3.736    -0.861
     3.784    -0.886
     3.832    -0.935
     3.880    -0.941
     3.928    -1.035
     3.976    -1.079
     4.024    -1.124
     4.072    -1.074
     4.121    -1.226
     4.169    -1.357
     4.217    -1.408
     4.265    -1.499
     4.313    -1.536
     4.361    -1.614
     4.409    -1.741
     4.457    -1.938
     4.505    -2.131
     4.553    -2.310
     4.602    -2.474
     4.650    -2.759
     4.698    -3.004
     4.746    -3.272
     4.794    -3.506
     4.842    -3.696
     4.890    -3.970
     4.938    -4.174
     4.986    -4.475
     5.034    -4.717
     5.083    -4.777
     5.131    -4.820
     5.179    -4.978
     5.227    -5.131
     5.275    -5.178
     5.323    -5.191
     5.371    -5.237
     5.419    -5.181
     5.467    -5.031
     5.516    -4.933
     5.564    -4.828
     5.612    -4.705
     5.660    -4.547
     5.708    -4.327
     5.756    -4.056
     5.804    -3.836
     5.852    -3.607
     5.900    -3.395
     5.948    -3.184
     5.997    -2.952
     6.045    -2.781
     6.093    -2.559
     6.141    -2.384
     6.189    -2.262
     6.237    -2.083
     6.285    -1.805
     6.333    -1.640
     6.381    -1.557
     6.429    -1.420
     6.478    -1.331
     6.526    -1.191
     6.574    -1.142
     6.622    -1.094
     6.670    -1.034
     6.718    -0.979
     6.766    -0.877
     6.814    -0.941
     6.862    -1.009
     6.910    -0.993
     6.959    -0.922
     7.007    -0.898
     7.055    -0.978
     7.103    -0.961
     7.151    -1.015
     7.199    -0.994
     7.247    -1.039
     7.295    -1.135
     7.343    -1.285
     7.391    -1.351
     7.440    -1.430
     7.488    -1.492
     7.536    -1.728
     7.584    -1.939
     7.632    -2.134
     7.680    -2.329
     7.728    -2.539
     7.776    -2.671
     7.824    -2.934
     7.873    -3.222
     7.921    -3.468
     7.969    -3.837
     8.017    -4.085
     8.065    -4.399
     8.113    -4.776
     8.161    -5.077
     8.209    -5.555
     8.257    -5.861
     8.305    -6.072
     8.354    -6.456
     8.402    -6.852
     8.450    -7.119
     8.498    -7.328
     8.546    -7.376
     8.594    -7.485
     8.642    -7.682
     8.690    -7.780
     8.738    -7.714
     8.786    -7.715
     8.835    -7.677
     8.883    -7.548
     8.931    -7.375
     8.979    -7.142
     9.027    -6.963
     9.075    -6.659
     9.123    -6.246
     9.171    -5.877
     9.219    -5.582
     9.267    -5.359
     9.316    -5.007
     9.364    -4.586
     9.412    -4.232
     9.460    -3.937
     9.508    -3.552
     9.556    -3.204
     9.604    -2.963
     9.652    -2.741
     9.700    -2.429
     9.748    -2.144
     9.797    -1.918
     9.845    -1.689
     9.893    -1.492
     9.941    -1.329
     9.989    -1.241
    10.037    -1.158
    10.085    -0.995
    10.133    -0.833
    10.181    -0.713
    10.230    -0.663
    10.278    -0.637
    10.326    -0.565
    10.374    -0.464
    10.422    -0.331
    10.470    -0.311
    10.518    -0.413
    10.566    -0.334
    10.614    -0.278
    10.662    -0.268
    10.711    -0.171
    10.759    -0.084
    10.807    -0.059
    10.855    -0.104
    10.903    -0.099
    10.951    -0.133
    10.999    -0.071
    11.047    -0.096
    11.095    -0.127
    11.143    -0.107
    11.192    -0.096
    11.240    -0.062
    11.288    -0.057
    11.336    -0.092
    11.384    -0.042
    11.432     0.003
    11.480    -0.055
    11.528    -0.073
    11.576    -0.069
    11.624    -0.065
    11.673     0.024
    11.721    -0.063
    11.769    -0.019
    11.817     0.002
    11.865     0.000
    11.913     0.043
    11.961    -0.035
    12.009     0.004
    12.057     0.078
    12.105     0.142
    12.154     0.103
    12.202     0.006
    12.250    -0.004
    12.298     0.114
    12.346     0.083
    12.394     0.026
